proj:       1
zone:       18
north:      4352172.39580208
south:      4348623.29750388
east:       351742.00038679
west:       347511.97752675
cols:       6939
rows:       5822
e-w resol:  0.60960122
n-s resol:  0.60960122
format:     0
compressed: 1
