proj:       1
zone:       18
north:      4359994.5830194
south:      4341910.5830194
east:       359113.13452474
west:       345121.13452474
cols:       4664
rows:       6028
e-w resol:  3
n-s resol:  3
format:     -1
compressed: 1
